34883
35650
36083
37309
38070
37435
37373
36952
36875
37325
38592
39220
39454
40224
41345
40617
42405
43494
43316
44453
45228
46435
46531
47783
47899
48002
48055
48193
49735
49888
51421
51518
53112
53085
54172
54948
55905
57054
58101
58660
59772
60782
61433
62978
63631
64445
64772
64981
66657
66924
65964
67952
67998
69739
71774
71693
72033
74233
74369
73056
74275
74456
74304
75832
75747
75475
77531
77960
78589
79469
78888
79842
79158
79039
80259
81450
82431
83383
84829
84940
85595
87293
86776
86786
88738
90436
89949
91184
92417
92433
91919
92716
91857
91026
89827
90657
91808
93839
95495
97054
98139
98532
100493
102295
104049
104474
104297
104177
104987
106279
106060
109130
110698
112916
113189
113879
114909
116264
117482
120103
120322
120048
121887
122262
120433
120798
120867
119940
120431
120845
121315
121603
123339
125353
124869
127784
127401
129357
131288
132756
134909
136226
137291
138249
139884
140202
142841
143627
144589
144836
147226
150039
150319
152516
154895
156696
158800
160521
162722
163346
163819
167295
167526
169658
170616
169448
170521
172159
175232
176824
177435
179578
182179
183708
186040
187146
188687
190822
191317
193298
193848
