33609
34348
34765
35946
36679
36067
36007
35602
35528
35962
37182
37787
38012
38754
39835
39133
40855
41905
41734
42829
43576
44739
44831
46037
46149
46248
46299
46432
47918
48066
49543
49636
51172
51146
52193
52941
53863
54969
55978
56517
57588
58562
59189
60678
61306
62091
62406
62607
64222
64479
63555
65470
65514
67192
69152
69074
69401
71521
71653
70387
71561
71736
71590
73062
72980
72718
74699
75112
75718
76566
76006
76925
76266
76151
77327
78474
79419
80337
81730
81837
82468
84104
83606
83615
85497
87133
86663
87853
89041
89057
88561
89329
88501
87701
86546
87345
88454
90411
92007
93508
94554
94933
96822
98559
100190
100683
100639
100251
101361
102689
102257
105337
107057
109033
109378
110171
111101
112622
113871
116048
116598
116360
118104
118368
116768
117232
117397
116227
116998
117425
117896
118017
119867
121762
121368
124048
123722
125629
127556
129016
131056
132442
133490
134314
135926
136291
138741
139411
140363
140742
143069
145531
145917
148293
150154
152267
154186
155697
158051
158764
158970
162180
162780
164973
165375
164300
165631
167524
170085
171556
172262
174456
177218
178223
180147
180548
182455
184127
184189
